=================================================================================================================
ISOTOPE ACTIVITY CALCULATION 
=================================================================================================================

Unique Isotopes
U 92 238
Th 90 234
Pa 91 234
U 92 234
Th 90 230
Ra 88 226
Rn 86 222
Po 84 218
Pb 82 214
Bi 83 214
Po 84 214
Pb 82 210
Bi 83 210
Po 84 210
Pb 82 206
Tl 81 206
Hg 80 206
Tl 81 210
At 85 218
Rn 86 218

Chain 1
Level                Element              Protons              Nucleons             Half Life            Decay Constant       Nucleons             
0                    U                    92                   238                  1.409993568e+17      0.0                                       1                    
1                    Th                   90                   234                  2082240.0            3.32885345e-07       1.0                  1                    
2                    Pa                   91                   234                  24120.0              2.8737445297e-05     1.0                  1                    
3                    U                    92                   234                  7.7473908e+12        8.9e-14              1.0                  1                    
4                    Th                   90                   230                  2.37944304e+12       2.91e-13             1.0                  1                    
5                    Ra                   88                   226                  50492160000.0        1.3728e-11           1.0                  1                    
6                    Rn                   86                   222                  330350.4             2.098218076e-06      1.0                  1                    
7                    Po                   84                   218                  185.88               0.00372900355369     1.0                  1                    
8                    Pb                   82                   214                  1608.0               0.000431061679453    0.9998               1                    
9                    Bi                   83                   214                  1194.0               0.000580525276851    1.0                  1                    
10                   Po                   84                   214                  0.0001643            4218.789899938803    0.99979              1                    
11                   Pb                   82                   210                  700578720.0          9.89392e-10          1.0                  1                    
12                   Bi                   83                   210                  433036.8             1.600665765e-06      1.0                  1                    
13                   Po                   84                   210                  11955686.4           5.797636e-08         1.0                  1                    
14                   Pb                   82                   206                  Stable                                    1.0                  1                    

Calculation 1
Level                Element              Protons              Nucleons             N0                   Nt=10000000000.0     w                    Half Life            Decay Constant       Branching Chance     
0                    U                    92                   238                  10.0                 9.9999995084         0.0                  1.409993568e+17      4.91595987592e-18    1.0                  
1                    Th                   90                   234                  0.0                  1.47677262147e-10    0.0                  2082240.0            3.32885344898e-07    1.0                  
2                    Pa                   91                   234                  0.0                  1.71064601726e-12    0.0                  24120.0              2.87374452968e-05    1.0                  
3                    U                    92                   234                  0.0                  4.91226875031e-07    0.0                  7.7473908e+12        8.94684673142e-14    1.0                  
4                    Th                   90                   230                  0.0                  2.19499428237e-10    0.0                  2.37944304e+12       2.91306481772e-13    1.0                  
5                    Ra                   88                   226                  0.0                  2.06023731471e-13    0.0                  50492160000.0        1.37278179535e-11    1.0                  
6                    Rn                   86                   222                  0.0                  1.34774191944e-18    0.0                  330350.4             2.09821807559e-06    1.0                  
7                    Po                   84                   218                  0.0                  7.58340993343e-22    0.0                  185.88               0.00372900355369     0.9998               
8                    Pb                   82                   214                  0.0                  6.55889602864e-21    0.0                  1608.0               0.000431061679453    1.0                  
9                    Bi                   83                   214                  0.0                  4.87022252983e-21    0.0                  1194.0               0.000580525276851    0.99979              
10                   Po                   84                   214                  0.0                  6.70024725626e-28    0.0                  0.0001643            4218.78989994        1.0                  
11                   Pb                   82                   210                  0.0                  2.15346749048e-15    0.0                  700578720.0          9.89392284938e-10    1.0                  
12                   Bi                   83                   210                  0.0                  1.33081745456e-18    0.0                  433036.8             1.60066576457e-06    1.0                  
13                   Po                   84                   210                  0.0                  3.65383548511e-17    0.0                  11955686.4           5.79763601494e-08    1.0                  
14                   Pb                   82                   206                  0.0                  3.87191259197e-15    0.0                  Stable               0.0                                       

Chain 2
Level                Element              Protons              Nucleons             Half Life            Decay Constant       Nucleons             
0                    U                    92                   238                  1.409993568e+17      0.0                                       0                    
1                    Th                   90                   234                  2082240.0            3.32885345e-07       1.0                  0                    
2                    Pa                   91                   234                  24120.0              2.8737445297e-05     1.0                  0                    
3                    U                    92                   234                  7.7473908e+12        8.9e-14              1.0                  0                    
4                    Th                   90                   230                  2.37944304e+12       2.91e-13             1.0                  0                    
5                    Ra                   88                   226                  50492160000.0        1.3728e-11           1.0                  0                    
6                    Rn                   86                   222                  330350.4             2.098218076e-06      1.0                  0                    
7                    Po                   84                   218                  185.88               0.00372900355369     1.0                  0                    
8                    Pb                   82                   214                  1608.0               0.000431061679453    0.9998               0                    
9                    Bi                   83                   214                  1194.0               0.000580525276851    1.0                  0                    
10                   Po                   84                   214                  0.0001643            4218.789899938803    0.99979              0                    
11                   Pb                   82                   210                  700578720.0          9.89392e-10          1.0                  0                    
12                   Bi                   83                   210                  433036.8             1.600665765e-06      1.0                  0                    
13                   Tl                   81                   206                  252.12               0.002749274871331    1.32e-06             1                    
14                   Pb                   82                   206                  Stable                                    1.0                  1                    

Calculation 2
Level                Element              Protons              Nucleons             N0                   Nt=10000000000.0     w                    Half Life            Decay Constant       Branching Chance     
0                    U                    92                   238                  10.0                 9.9999995084         0.0                  1.409993568e+17      4.91595987592e-18    1.0                  
1                    Th                   90                   234                  0.0                  1.47677262147e-10    0.0                  2082240.0            3.32885344898e-07    1.0                  
2                    Pa                   91                   234                  0.0                  1.71064601726e-12    0.0                  24120.0              2.87374452968e-05    1.0                  
3                    U                    92                   234                  0.0                  4.91226875031e-07    0.0                  7.7473908e+12        8.94684673142e-14    1.0                  
4                    Th                   90                   230                  0.0                  2.19499428237e-10    0.0                  2.37944304e+12       2.91306481772e-13    1.0                  
5                    Ra                   88                   226                  0.0                  2.06023731471e-13    0.0                  50492160000.0        1.37278179535e-11    1.0                  
6                    Rn                   86                   222                  0.0                  1.34774191944e-18    0.0                  330350.4             2.09821807559e-06    1.0                  
7                    Po                   84                   218                  0.0                  7.58340993343e-22    0.0                  185.88               0.00372900355369     0.9998               
8                    Pb                   82                   214                  0.0                  6.55889602864e-21    0.0                  1608.0               0.000431061679453    1.0                  
9                    Bi                   83                   214                  0.0                  4.87022252983e-21    0.0                  1194.0               0.000580525276851    0.99979              
10                   Po                   84                   214                  0.0                  6.70024725626e-28    0.0                  0.0001643            4218.78989994        1.0                  
11                   Pb                   82                   210                  0.0                  2.15346749048e-15    0.0                  700578720.0          9.89392284938e-10    1.0                  
12                   Bi                   83                   210                  0.0                  1.33081745456e-18    0.0                  433036.8             1.60066576457e-06    1.32e-06             
13                   Tl                   81                   206                  0.0                  1.02276265045e-27    0.0                  252.12               0.00274927487133     1.0                  
14                   Pb                   82                   206                  0.0                  9.24542266643e-21    0.0                  Stable               0.0                                       

Chain 3
Level                Element              Protons              Nucleons             Half Life            Decay Constant       Nucleons             
0                    U                    92                   238                  1.409993568e+17      0.0                                       0                    
1                    Th                   90                   234                  2082240.0            3.32885345e-07       1.0                  0                    
2                    Pa                   91                   234                  24120.0              2.8737445297e-05     1.0                  0                    
3                    U                    92                   234                  7.7473908e+12        8.9e-14              1.0                  0                    
4                    Th                   90                   230                  2.37944304e+12       2.91e-13             1.0                  0                    
5                    Ra                   88                   226                  50492160000.0        1.3728e-11           1.0                  0                    
6                    Rn                   86                   222                  330350.4             2.098218076e-06      1.0                  0                    
7                    Po                   84                   218                  185.88               0.00372900355369     1.0                  0                    
8                    Pb                   82                   214                  1608.0               0.000431061679453    0.9998               0                    
9                    Bi                   83                   214                  1194.0               0.000580525276851    1.0                  0                    
10                   Po                   84                   214                  0.0001643            4218.789899938803    0.99979              0                    
11                   Pb                   82                   210                  700578720.0          9.89392e-10          1.0                  0                    
12                   Hg                   80                   206                  499.2                0.001388515986699    1.9e-08              1                    
13                   Tl                   81                   206                  252.12               0.002749274871331    1.0                  1                    
14                   Pb                   82                   206                  Stable                                    1.0                  1                    

Calculation 3
Level                Element              Protons              Nucleons             N0                   Nt=10000000000.0     w                    Half Life            Decay Constant       Branching Chance     
0                    U                    92                   238                  10.0                 9.9999995084         0.0                  1.409993568e+17      4.91595987592e-18    1.0                  
1                    Th                   90                   234                  0.0                  1.47677262147e-10    0.0                  2082240.0            3.32885344898e-07    1.0                  
2                    Pa                   91                   234                  0.0                  1.71064601726e-12    0.0                  24120.0              2.87374452968e-05    1.0                  
3                    U                    92                   234                  0.0                  4.91226875031e-07    0.0                  7.7473908e+12        8.94684673142e-14    1.0                  
4                    Th                   90                   230                  0.0                  2.19499428237e-10    0.0                  2.37944304e+12       2.91306481772e-13    1.0                  
5                    Ra                   88                   226                  0.0                  2.06023731471e-13    0.0                  50492160000.0        1.37278179535e-11    1.0                  
6                    Rn                   86                   222                  0.0                  1.34774191944e-18    0.0                  330350.4             2.09821807559e-06    1.0                  
7                    Po                   84                   218                  0.0                  7.58340993343e-22    0.0                  185.88               0.00372900355369     0.9998               
8                    Pb                   82                   214                  0.0                  6.55889602864e-21    0.0                  1608.0               0.000431061679453    1.0                  
9                    Bi                   83                   214                  0.0                  4.87022252983e-21    0.0                  1194.0               0.000580525276851    0.99979              
10                   Po                   84                   214                  0.0                  6.70024725626e-28    0.0                  0.0001643            4218.78989994        1.0                  
11                   Pb                   82                   210                  0.0                  2.15346749048e-15    0.0                  700578720.0          9.89392284938e-10    1.9e-08              
12                   Hg                   80                   206                  0.0                  2.91547590866e-29    0.0                  499.2                0.0013885159867      1.0                  
13                   Tl                   81                   206                  0.0                  1.47245532197e-29    0.0                  252.12               0.00274927487133     1.0                  
14                   Pb                   82                   206                  0.0                  1.35281359046e-22    0.0                  Stable               0.0                                       

Chain 4
Level                Element              Protons              Nucleons             Half Life            Decay Constant       Nucleons             
0                    U                    92                   238                  1.409993568e+17      0.0                                       0                    
1                    Th                   90                   234                  2082240.0            3.32885345e-07       1.0                  0                    
2                    Pa                   91                   234                  24120.0              2.8737445297e-05     1.0                  0                    
3                    U                    92                   234                  7.7473908e+12        8.9e-14              1.0                  0                    
4                    Th                   90                   230                  2.37944304e+12       2.91e-13             1.0                  0                    
5                    Ra                   88                   226                  50492160000.0        1.3728e-11           1.0                  0                    
6                    Rn                   86                   222                  330350.4             2.098218076e-06      1.0                  0                    
7                    Po                   84                   218                  185.88               0.00372900355369     1.0                  0                    
8                    Pb                   82                   214                  1608.0               0.000431061679453    0.9998               0                    
9                    Bi                   83                   214                  1194.0               0.000580525276851    1.0                  0                    
10                   Tl                   81                   210                  78.0                 0.008886502314871    0.00021              1                    
11                   Pb                   82                   210                  700578720.0          9.89392e-10          1.0                  1                    
12                   Bi                   83                   210                  433036.8             1.600665765e-06      1.0                  1                    
13                   Po                   84                   210                  11955686.4           5.797636e-08         1.0                  1                    
14                   Pb                   82                   206                  Stable                                    1.0                  1                    

Calculation 4
Level                Element              Protons              Nucleons             N0                   Nt=10000000000.0     w                    Half Life            Decay Constant       Branching Chance     
0                    U                    92                   238                  10.0                 9.9999995084         0.0                  1.409993568e+17      4.91595987592e-18    1.0                  
1                    Th                   90                   234                  0.0                  1.47677262147e-10    0.0                  2082240.0            3.32885344898e-07    1.0                  
2                    Pa                   91                   234                  0.0                  1.71064601726e-12    0.0                  24120.0              2.87374452968e-05    1.0                  
3                    U                    92                   234                  0.0                  4.91226875031e-07    0.0                  7.7473908e+12        8.94684673142e-14    1.0                  
4                    Th                   90                   230                  0.0                  2.19499428237e-10    0.0                  2.37944304e+12       2.91306481772e-13    1.0                  
5                    Ra                   88                   226                  0.0                  2.06023731471e-13    0.0                  50492160000.0        1.37278179535e-11    1.0                  
6                    Rn                   86                   222                  0.0                  1.34774191944e-18    0.0                  330350.4             2.09821807559e-06    1.0                  
7                    Po                   84                   218                  0.0                  7.58340993343e-22    0.0                  185.88               0.00372900355369     0.9998               
8                    Pb                   82                   214                  0.0                  6.55889602864e-21    0.0                  1608.0               0.000431061679453    1.0                  
9                    Bi                   83                   214                  0.0                  4.87022252983e-21    0.0                  1194.0               0.000580525276851    0.00021              
10                   Tl                   81                   210                  0.0                  6.68125983385e-26    0.0                  78.0                 0.00888650231487     1.0                  
11                   Pb                   82                   210                  0.0                  4.52323147735e-19    0.0                  700578720.0          9.89392284938e-10    1.0                  
12                   Bi                   83                   210                  0.0                  2.79530359301e-22    0.0                  433036.8             1.60066576457e-06    1.0                  
13                   Po                   84                   210                  0.0                  7.67466604971e-21    0.0                  11955686.4           5.79763601494e-08    1.0                  
14                   Pb                   82                   206                  0.0                  8.98150113487e-19    0.0                  Stable               0.0                                       

Chain 5
Level                Element              Protons              Nucleons             Half Life            Decay Constant       Nucleons             
0                    U                    92                   238                  1.409993568e+17      0.0                                       0                    
1                    Th                   90                   234                  2082240.0            3.32885345e-07       1.0                  0                    
2                    Pa                   91                   234                  24120.0              2.8737445297e-05     1.0                  0                    
3                    U                    92                   234                  7.7473908e+12        8.9e-14              1.0                  0                    
4                    Th                   90                   230                  2.37944304e+12       2.91e-13             1.0                  0                    
5                    Ra                   88                   226                  50492160000.0        1.3728e-11           1.0                  0                    
6                    Rn                   86                   222                  330350.4             2.098218076e-06      1.0                  0                    
7                    Po                   84                   218                  185.88               0.00372900355369     1.0                  0                    
8                    Pb                   82                   214                  1608.0               0.000431061679453    0.9998               0                    
9                    Bi                   83                   214                  1194.0               0.000580525276851    1.0                  0                    
10                   Tl                   81                   210                  78.0                 0.008886502314871    0.00021              0                    
11                   Pb                   82                   210                  700578720.0          9.89392e-10          1.0                  0                    
12                   Bi                   83                   210                  433036.8             1.600665765e-06      1.0                  0                    
13                   Tl                   81                   206                  252.12               0.002749274871331    1.32e-06             1                    
14                   Pb                   82                   206                  Stable                                    1.0                  1                    

Calculation 5
Level                Element              Protons              Nucleons             N0                   Nt=10000000000.0     w                    Half Life            Decay Constant       Branching Chance     
0                    U                    92                   238                  10.0                 9.9999995084         0.0                  1.409993568e+17      4.91595987592e-18    1.0                  
1                    Th                   90                   234                  0.0                  1.47677262147e-10    0.0                  2082240.0            3.32885344898e-07    1.0                  
2                    Pa                   91                   234                  0.0                  1.71064601726e-12    0.0                  24120.0              2.87374452968e-05    1.0                  
3                    U                    92                   234                  0.0                  4.91226875031e-07    0.0                  7.7473908e+12        8.94684673142e-14    1.0                  
4                    Th                   90                   230                  0.0                  2.19499428237e-10    0.0                  2.37944304e+12       2.91306481772e-13    1.0                  
5                    Ra                   88                   226                  0.0                  2.06023731471e-13    0.0                  50492160000.0        1.37278179535e-11    1.0                  
6                    Rn                   86                   222                  0.0                  1.34774191944e-18    0.0                  330350.4             2.09821807559e-06    1.0                  
7                    Po                   84                   218                  0.0                  7.58340993343e-22    0.0                  185.88               0.00372900355369     0.9998               
8                    Pb                   82                   214                  0.0                  6.55889602864e-21    0.0                  1608.0               0.000431061679453    1.0                  
9                    Bi                   83                   214                  0.0                  4.87022252983e-21    0.0                  1194.0               0.000580525276851    0.00021              
10                   Tl                   81                   210                  0.0                  6.68125983385e-26    0.0                  78.0                 0.00888650231487     1.0                  
11                   Pb                   82                   210                  0.0                  4.52323147735e-19    0.0                  700578720.0          9.89392284938e-10    1.0                  
12                   Bi                   83                   210                  0.0                  2.79530359301e-22    0.0                  433036.8             1.60066576457e-06    1.32e-06             
13                   Tl                   81                   206                  0.0                  2.14825264285e-31    0.0                  252.12               0.00274927487133     1.0                  
14                   Pb                   82                   206                  0.0                  2.14461902738e-24    0.0                  Stable               0.0                                       

Chain 6
Level                Element              Protons              Nucleons             Half Life            Decay Constant       Nucleons             
0                    U                    92                   238                  1.409993568e+17      0.0                                       0                    
1                    Th                   90                   234                  2082240.0            3.32885345e-07       1.0                  0                    
2                    Pa                   91                   234                  24120.0              2.8737445297e-05     1.0                  0                    
3                    U                    92                   234                  7.7473908e+12        8.9e-14              1.0                  0                    
4                    Th                   90                   230                  2.37944304e+12       2.91e-13             1.0                  0                    
5                    Ra                   88                   226                  50492160000.0        1.3728e-11           1.0                  0                    
6                    Rn                   86                   222                  330350.4             2.098218076e-06      1.0                  0                    
7                    Po                   84                   218                  185.88               0.00372900355369     1.0                  0                    
8                    Pb                   82                   214                  1608.0               0.000431061679453    0.9998               0                    
9                    Bi                   83                   214                  1194.0               0.000580525276851    1.0                  0                    
10                   Tl                   81                   210                  78.0                 0.008886502314871    0.00021              0                    
11                   Pb                   82                   210                  700578720.0          9.89392e-10          1.0                  0                    
12                   Hg                   80                   206                  499.2                0.001388515986699    1.9e-08              1                    
13                   Tl                   81                   206                  252.12               0.002749274871331    1.0                  1                    
14                   Pb                   82                   206                  Stable                                    1.0                  1                    

Calculation 6
Level                Element              Protons              Nucleons             N0                   Nt=10000000000.0     w                    Half Life            Decay Constant       Branching Chance     
0                    U                    92                   238                  10.0                 9.9999995084         0.0                  1.409993568e+17      4.91595987592e-18    1.0                  
1                    Th                   90                   234                  0.0                  1.47677262147e-10    0.0                  2082240.0            3.32885344898e-07    1.0                  
2                    Pa                   91                   234                  0.0                  1.71064601726e-12    0.0                  24120.0              2.87374452968e-05    1.0                  
3                    U                    92                   234                  0.0                  4.91226875031e-07    0.0                  7.7473908e+12        8.94684673142e-14    1.0                  
4                    Th                   90                   230                  0.0                  2.19499428237e-10    0.0                  2.37944304e+12       2.91306481772e-13    1.0                  
5                    Ra                   88                   226                  0.0                  2.06023731471e-13    0.0                  50492160000.0        1.37278179535e-11    1.0                  
6                    Rn                   86                   222                  0.0                  1.34774191944e-18    0.0                  330350.4             2.09821807559e-06    1.0                  
7                    Po                   84                   218                  0.0                  7.58340993343e-22    0.0                  185.88               0.00372900355369     0.9998               
8                    Pb                   82                   214                  0.0                  6.55889602864e-21    0.0                  1608.0               0.000431061679453    1.0                  
9                    Bi                   83                   214                  0.0                  4.87022252983e-21    0.0                  1194.0               0.000580525276851    0.00021              
10                   Tl                   81                   210                  0.0                  6.68125983385e-26    0.0                  78.0                 0.00888650231487     1.0                  
11                   Pb                   82                   210                  0.0                  4.52323147735e-19    0.0                  700578720.0          9.89392284938e-10    1.9e-08              
12                   Hg                   80                   206                  0.0                  6.12378520809e-33    0.0                  499.2                0.0013885159867      1.0                  
13                   Tl                   81                   206                  0.0                  3.09280556276e-33    0.0                  252.12               0.00274927487133     1.0                  
14                   Pb                   82                   206                  0.0                  3.1380607153e-26     0.0                  Stable               0.0                                       

Chain 7
Level                Element              Protons              Nucleons             Half Life            Decay Constant       Nucleons             
0                    U                    92                   238                  1.409993568e+17      0.0                                       0                    
1                    Th                   90                   234                  2082240.0            3.32885345e-07       1.0                  0                    
2                    Pa                   91                   234                  24120.0              2.8737445297e-05     1.0                  0                    
3                    U                    92                   234                  7.7473908e+12        8.9e-14              1.0                  0                    
4                    Th                   90                   230                  2.37944304e+12       2.91e-13             1.0                  0                    
5                    Ra                   88                   226                  50492160000.0        1.3728e-11           1.0                  0                    
6                    Rn                   86                   222                  330350.4             2.098218076e-06      1.0                  0                    
7                    Po                   84                   218                  185.88               0.00372900355369     1.0                  0                    
8                    At                   85                   218                  1.5                  0.462098120373297    0.0002               1                    
9                    Bi                   83                   214                  1194.0               0.000580525276851    0.999                1                    
10                   Po                   84                   214                  0.0001643            4218.789899938803    0.99979              1                    
11                   Pb                   82                   210                  700578720.0          9.89392e-10          1.0                  1                    
12                   Bi                   83                   210                  433036.8             1.600665765e-06      1.0                  1                    
13                   Po                   84                   210                  11955686.4           5.797636e-08         1.0                  1                    
14                   Pb                   82                   206                  Stable                                    1.0                  1                    

Calculation 7
Level                Element              Protons              Nucleons             N0                   Nt=10000000000.0     w                    Half Life            Decay Constant       Branching Chance     
0                    U                    92                   238                  10.0                 9.9999995084         0.0                  1.409993568e+17      4.91595987592e-18    1.0                  
1                    Th                   90                   234                  0.0                  1.47677262147e-10    0.0                  2082240.0            3.32885344898e-07    1.0                  
2                    Pa                   91                   234                  0.0                  1.71064601726e-12    0.0                  24120.0              2.87374452968e-05    1.0                  
3                    U                    92                   234                  0.0                  4.91226875031e-07    0.0                  7.7473908e+12        8.94684673142e-14    1.0                  
4                    Th                   90                   230                  0.0                  2.19499428237e-10    0.0                  2.37944304e+12       2.91306481772e-13    1.0                  
5                    Ra                   88                   226                  0.0                  2.06023731471e-13    0.0                  50492160000.0        1.37278179535e-11    1.0                  
6                    Rn                   86                   222                  0.0                  1.34774191944e-18    0.0                  330350.4             2.09821807559e-06    1.0                  
7                    Po                   84                   218                  0.0                  7.58340993343e-22    0.0                  185.88               0.00372900355369     0.0002               
8                    At                   85                   218                  0.0                  1.22392025496e-27    0.0                  1.5                  0.462098120373       0.999                
9                    Bi                   83                   214                  0.0                  9.732657821e-25      0.0                  1194.0               0.000580525276851    0.99979              
10                   Po                   84                   214                  0.0                  1.33897812246e-31    0.0                  0.0001643            4218.78989994        1.0                  
11                   Pb                   82                   210                  0.0                  4.30349201151e-19    0.0                  700578720.0          9.89392284938e-10    1.0                  
12                   Bi                   83                   210                  0.0                  2.65950717723e-22    0.0                  433036.8             1.60066576457e-06    1.0                  
13                   Po                   84                   210                  0.0                  7.30182921662e-21    0.0                  11955686.4           5.79763601494e-08    1.0                  
14                   Pb                   82                   206                  0.0                  1.21504953578e-18    0.0                  Stable               0.0                                       

Chain 8
Level                Element              Protons              Nucleons             Half Life            Decay Constant       Nucleons             
0                    U                    92                   238                  1.409993568e+17      0.0                                       0                    
1                    Th                   90                   234                  2082240.0            3.32885345e-07       1.0                  0                    
2                    Pa                   91                   234                  24120.0              2.8737445297e-05     1.0                  0                    
3                    U                    92                   234                  7.7473908e+12        8.9e-14              1.0                  0                    
4                    Th                   90                   230                  2.37944304e+12       2.91e-13             1.0                  0                    
5                    Ra                   88                   226                  50492160000.0        1.3728e-11           1.0                  0                    
6                    Rn                   86                   222                  330350.4             2.098218076e-06      1.0                  0                    
7                    Po                   84                   218                  185.88               0.00372900355369     1.0                  0                    
8                    At                   85                   218                  1.5                  0.462098120373297    0.0002               0                    
9                    Bi                   83                   214                  1194.0               0.000580525276851    0.999                0                    
10                   Po                   84                   214                  0.0001643            4218.789899938803    0.99979              0                    
11                   Pb                   82                   210                  700578720.0          9.89392e-10          1.0                  0                    
12                   Bi                   83                   210                  433036.8             1.600665765e-06      1.0                  0                    
13                   Tl                   81                   206                  252.12               0.002749274871331    1.32e-06             1                    
14                   Pb                   82                   206                  Stable                                    1.0                  1                    

Calculation 8
Level                Element              Protons              Nucleons             N0                   Nt=10000000000.0     w                    Half Life            Decay Constant       Branching Chance     
0                    U                    92                   238                  10.0                 9.9999995084         0.0                  1.409993568e+17      4.91595987592e-18    1.0                  
1                    Th                   90                   234                  0.0                  1.47677262147e-10    0.0                  2082240.0            3.32885344898e-07    1.0                  
2                    Pa                   91                   234                  0.0                  1.71064601726e-12    0.0                  24120.0              2.87374452968e-05    1.0                  
3                    U                    92                   234                  0.0                  4.91226875031e-07    0.0                  7.7473908e+12        8.94684673142e-14    1.0                  
4                    Th                   90                   230                  0.0                  2.19499428237e-10    0.0                  2.37944304e+12       2.91306481772e-13    1.0                  
5                    Ra                   88                   226                  0.0                  2.06023731471e-13    0.0                  50492160000.0        1.37278179535e-11    1.0                  
6                    Rn                   86                   222                  0.0                  1.34774191944e-18    0.0                  330350.4             2.09821807559e-06    1.0                  
7                    Po                   84                   218                  0.0                  7.58340993343e-22    0.0                  185.88               0.00372900355369     0.0002               
8                    At                   85                   218                  0.0                  1.22392025496e-27    0.0                  1.5                  0.462098120373       0.999                
9                    Bi                   83                   214                  0.0                  9.732657821e-25      0.0                  1194.0               0.000580525276851    0.99979              
10                   Po                   84                   214                  0.0                  1.33897812246e-31    0.0                  0.0001643            4218.78989994        1.0                  
11                   Pb                   82                   210                  0.0                  4.30349201151e-19    0.0                  700578720.0          9.89392284938e-10    1.0                  
12                   Bi                   83                   210                  0.0                  2.65950717723e-22    0.0                  433036.8             1.60066576457e-06    1.32e-06             
13                   Tl                   81                   206                  0.0                  2.04389010934e-31    0.0                  252.12               0.00274927487133     1.0                  
14                   Pb                   82                   206                  0.0                  1.54736916216e-24    0.0                  Stable               0.0                                       

Chain 9
Level                Element              Protons              Nucleons             Half Life            Decay Constant       Nucleons             
0                    U                    92                   238                  1.409993568e+17      0.0                                       0                    
1                    Th                   90                   234                  2082240.0            3.32885345e-07       1.0                  0                    
2                    Pa                   91                   234                  24120.0              2.8737445297e-05     1.0                  0                    
3                    U                    92                   234                  7.7473908e+12        8.9e-14              1.0                  0                    
4                    Th                   90                   230                  2.37944304e+12       2.91e-13             1.0                  0                    
5                    Ra                   88                   226                  50492160000.0        1.3728e-11           1.0                  0                    
6                    Rn                   86                   222                  330350.4             2.098218076e-06      1.0                  0                    
7                    Po                   84                   218                  185.88               0.00372900355369     1.0                  0                    
8                    At                   85                   218                  1.5                  0.462098120373297    0.0002               0                    
9                    Bi                   83                   214                  1194.0               0.000580525276851    0.999                0                    
10                   Po                   84                   214                  0.0001643            4218.789899938803    0.99979              0                    
11                   Pb                   82                   210                  700578720.0          9.89392e-10          1.0                  0                    
12                   Hg                   80                   206                  499.2                0.001388515986699    1.9e-08              1                    
13                   Tl                   81                   206                  252.12               0.002749274871331    1.0                  1                    
14                   Pb                   82                   206                  Stable                                    1.0                  1                    

Calculation 9
Level                Element              Protons              Nucleons             N0                   Nt=10000000000.0     w                    Half Life            Decay Constant       Branching Chance     
0                    U                    92                   238                  10.0                 9.9999995084         0.0                  1.409993568e+17      4.91595987592e-18    1.0                  
1                    Th                   90                   234                  0.0                  1.47677262147e-10    0.0                  2082240.0            3.32885344898e-07    1.0                  
2                    Pa                   91                   234                  0.0                  1.71064601726e-12    0.0                  24120.0              2.87374452968e-05    1.0                  
3                    U                    92                   234                  0.0                  4.91226875031e-07    0.0                  7.7473908e+12        8.94684673142e-14    1.0                  
4                    Th                   90                   230                  0.0                  2.19499428237e-10    0.0                  2.37944304e+12       2.91306481772e-13    1.0                  
5                    Ra                   88                   226                  0.0                  2.06023731471e-13    0.0                  50492160000.0        1.37278179535e-11    1.0                  
6                    Rn                   86                   222                  0.0                  1.34774191944e-18    0.0                  330350.4             2.09821807559e-06    1.0                  
7                    Po                   84                   218                  0.0                  7.58340993343e-22    0.0                  185.88               0.00372900355369     0.0002               
8                    At                   85                   218                  0.0                  1.22392025496e-27    0.0                  1.5                  0.462098120373       0.999                
9                    Bi                   83                   214                  0.0                  9.732657821e-25      0.0                  1194.0               0.000580525276851    0.99979              
10                   Po                   84                   214                  0.0                  1.33897812246e-31    0.0                  0.0001643            4218.78989994        1.0                  
11                   Pb                   82                   210                  0.0                  4.30349201151e-19    0.0                  700578720.0          9.89392284938e-10    1.9e-08              
12                   Hg                   80                   206                  0.0                  5.82629053399e-33    0.0                  499.2                0.0013885159867      1.0                  
13                   Tl                   81                   206                  0.0                  2.94255647817e-33    0.0                  252.12               0.00274927487133     1.0                  
14                   Pb                   82                   206                  0.0                  1.88679135931e-26    0.0                  Stable               0.0                                       

Chain 10
Level                Element              Protons              Nucleons             Half Life            Decay Constant       Nucleons             
0                    U                    92                   238                  1.409993568e+17      0.0                                       0                    
1                    Th                   90                   234                  2082240.0            3.32885345e-07       1.0                  0                    
2                    Pa                   91                   234                  24120.0              2.8737445297e-05     1.0                  0                    
3                    U                    92                   234                  7.7473908e+12        8.9e-14              1.0                  0                    
4                    Th                   90                   230                  2.37944304e+12       2.91e-13             1.0                  0                    
5                    Ra                   88                   226                  50492160000.0        1.3728e-11           1.0                  0                    
6                    Rn                   86                   222                  330350.4             2.098218076e-06      1.0                  0                    
7                    Po                   84                   218                  185.88               0.00372900355369     1.0                  0                    
8                    At                   85                   218                  1.5                  0.462098120373297    0.0002               0                    
9                    Bi                   83                   214                  1194.0               0.000580525276851    0.999                0                    
10                   Tl                   81                   210                  78.0                 0.008886502314871    0.00021              1                    
11                   Pb                   82                   210                  700578720.0          9.89392e-10          1.0                  1                    
12                   Bi                   83                   210                  433036.8             1.600665765e-06      1.0                  1                    
13                   Po                   84                   210                  11955686.4           5.797636e-08         1.0                  1                    
14                   Pb                   82                   206                  Stable                                    1.0                  1                    

Calculation 10
Level                Element              Protons              Nucleons             N0                   Nt=10000000000.0     w                    Half Life            Decay Constant       Branching Chance     
0                    U                    92                   238                  10.0                 9.9999995084         0.0                  1.409993568e+17      4.91595987592e-18    1.0                  
1                    Th                   90                   234                  0.0                  1.47677262147e-10    0.0                  2082240.0            3.32885344898e-07    1.0                  
2                    Pa                   91                   234                  0.0                  1.71064601726e-12    0.0                  24120.0              2.87374452968e-05    1.0                  
3                    U                    92                   234                  0.0                  4.91226875031e-07    0.0                  7.7473908e+12        8.94684673142e-14    1.0                  
4                    Th                   90                   230                  0.0                  2.19499428237e-10    0.0                  2.37944304e+12       2.91306481772e-13    1.0                  
5                    Ra                   88                   226                  0.0                  2.06023731471e-13    0.0                  50492160000.0        1.37278179535e-11    1.0                  
6                    Rn                   86                   222                  0.0                  1.34774191944e-18    0.0                  330350.4             2.09821807559e-06    1.0                  
7                    Po                   84                   218                  0.0                  7.58340993343e-22    0.0                  185.88               0.00372900355369     0.0002               
8                    At                   85                   218                  0.0                  1.22392025496e-27    0.0                  1.5                  0.462098120373       0.999                
9                    Bi                   83                   214                  0.0                  9.732657821e-25      0.0                  1194.0               0.000580525276851    0.00021              
10                   Tl                   81                   210                  0.0                  1.33518366791e-29    0.0                  78.0                 0.00888650231487     1.0                  
11                   Pb                   82                   210                  0.0                  9.03923107103e-23    0.0                  700578720.0          9.89392284938e-10    1.0                  
12                   Bi                   83                   210                  0.0                  5.58613798301e-26    0.0                  433036.8             1.60066576457e-06    1.0                  
13                   Po                   84                   210                  0.0                  1.53370616697e-24    0.0                  11955686.4           5.79763601494e-08    1.0                  
14                   Pb                   82                   206                  0.0                  4.69749274433e-23    0.0                  Stable               0.0                                       

Chain 11
Level                Element              Protons              Nucleons             Half Life            Decay Constant       Nucleons             
0                    U                    92                   238                  1.409993568e+17      0.0                                       0                    
1                    Th                   90                   234                  2082240.0            3.32885345e-07       1.0                  0                    
2                    Pa                   91                   234                  24120.0              2.8737445297e-05     1.0                  0                    
3                    U                    92                   234                  7.7473908e+12        8.9e-14              1.0                  0                    
4                    Th                   90                   230                  2.37944304e+12       2.91e-13             1.0                  0                    
5                    Ra                   88                   226                  50492160000.0        1.3728e-11           1.0                  0                    
6                    Rn                   86                   222                  330350.4             2.098218076e-06      1.0                  0                    
7                    Po                   84                   218                  185.88               0.00372900355369     1.0                  0                    
8                    At                   85                   218                  1.5                  0.462098120373297    0.0002               0                    
9                    Bi                   83                   214                  1194.0               0.000580525276851    0.999                0                    
10                   Tl                   81                   210                  78.0                 0.008886502314871    0.00021              0                    
11                   Pb                   82                   210                  700578720.0          9.89392e-10          1.0                  0                    
12                   Bi                   83                   210                  433036.8             1.600665765e-06      1.0                  0                    
13                   Tl                   81                   206                  252.12               0.002749274871331    1.32e-06             1                    
14                   Pb                   82                   206                  Stable                                    1.0                  1                    

Calculation 11
Level                Element              Protons              Nucleons             N0                   Nt=10000000000.0     w                    Half Life            Decay Constant       Branching Chance     
0                    U                    92                   238                  10.0                 9.9999995084         0.0                  1.409993568e+17      4.91595987592e-18    1.0                  
1                    Th                   90                   234                  0.0                  1.47677262147e-10    0.0                  2082240.0            3.32885344898e-07    1.0                  
2                    Pa                   91                   234                  0.0                  1.71064601726e-12    0.0                  24120.0              2.87374452968e-05    1.0                  
3                    U                    92                   234                  0.0                  4.91226875031e-07    0.0                  7.7473908e+12        8.94684673142e-14    1.0                  
4                    Th                   90                   230                  0.0                  2.19499428237e-10    0.0                  2.37944304e+12       2.91306481772e-13    1.0                  
5                    Ra                   88                   226                  0.0                  2.06023731471e-13    0.0                  50492160000.0        1.37278179535e-11    1.0                  
6                    Rn                   86                   222                  0.0                  1.34774191944e-18    0.0                  330350.4             2.09821807559e-06    1.0                  
7                    Po                   84                   218                  0.0                  7.58340993343e-22    0.0                  185.88               0.00372900355369     0.0002               
8                    At                   85                   218                  0.0                  1.22392025496e-27    0.0                  1.5                  0.462098120373       0.999                
9                    Bi                   83                   214                  0.0                  9.732657821e-25      0.0                  1194.0               0.000580525276851    0.00021              
10                   Tl                   81                   210                  0.0                  1.33518366791e-29    0.0                  78.0                 0.00888650231487     1.0                  
11                   Pb                   82                   210                  0.0                  9.03923107103e-23    0.0                  700578720.0          9.89392284938e-10    1.0                  
12                   Bi                   83                   210                  0.0                  5.58613798301e-26    0.0                  433036.8             1.60066576457e-06    1.32e-06             
13                   Tl                   81                   206                  0.0                  4.29307060356e-35    0.0                  252.12               0.00274927487133     1.0                  
14                   Pb                   82                   206                  0.0                  2.69202187987e-28    0.0                  Stable               0.0                                       

Chain 12
Level                Element              Protons              Nucleons             Half Life            Decay Constant       Nucleons             
0                    U                    92                   238                  1.409993568e+17      0.0                                       0                    
1                    Th                   90                   234                  2082240.0            3.32885345e-07       1.0                  0                    
2                    Pa                   91                   234                  24120.0              2.8737445297e-05     1.0                  0                    
3                    U                    92                   234                  7.7473908e+12        8.9e-14              1.0                  0                    
4                    Th                   90                   230                  2.37944304e+12       2.91e-13             1.0                  0                    
5                    Ra                   88                   226                  50492160000.0        1.3728e-11           1.0                  0                    
6                    Rn                   86                   222                  330350.4             2.098218076e-06      1.0                  0                    
7                    Po                   84                   218                  185.88               0.00372900355369     1.0                  0                    
8                    At                   85                   218                  1.5                  0.462098120373297    0.0002               0                    
9                    Bi                   83                   214                  1194.0               0.000580525276851    0.999                0                    
10                   Tl                   81                   210                  78.0                 0.008886502314871    0.00021              0                    
11                   Pb                   82                   210                  700578720.0          9.89392e-10          1.0                  0                    
12                   Hg                   80                   206                  499.2                0.001388515986699    1.9e-08              1                    
13                   Tl                   81                   206                  252.12               0.002749274871331    1.0                  1                    
14                   Pb                   82                   206                  Stable                                    1.0                  1                    

Calculation 12
Level                Element              Protons              Nucleons             N0                   Nt=10000000000.0     w                    Half Life            Decay Constant       Branching Chance     
0                    U                    92                   238                  10.0                 9.9999995084         0.0                  1.409993568e+17      4.91595987592e-18    1.0                  
1                    Th                   90                   234                  0.0                  1.47677262147e-10    0.0                  2082240.0            3.32885344898e-07    1.0                  
2                    Pa                   91                   234                  0.0                  1.71064601726e-12    0.0                  24120.0              2.87374452968e-05    1.0                  
3                    U                    92                   234                  0.0                  4.91226875031e-07    0.0                  7.7473908e+12        8.94684673142e-14    1.0                  
4                    Th                   90                   230                  0.0                  2.19499428237e-10    0.0                  2.37944304e+12       2.91306481772e-13    1.0                  
5                    Ra                   88                   226                  0.0                  2.06023731471e-13    0.0                  50492160000.0        1.37278179535e-11    1.0                  
6                    Rn                   86                   222                  0.0                  1.34774191944e-18    0.0                  330350.4             2.09821807559e-06    1.0                  
7                    Po                   84                   218                  0.0                  7.58340993343e-22    0.0                  185.88               0.00372900355369     0.0002               
8                    At                   85                   218                  0.0                  1.22392025496e-27    0.0                  1.5                  0.462098120373       0.999                
9                    Bi                   83                   214                  0.0                  9.732657821e-25      0.0                  1194.0               0.000580525276851    0.00021              
10                   Tl                   81                   210                  0.0                  1.33518366791e-29    0.0                  78.0                 0.00888650231487     1.0                  
11                   Pb                   82                   210                  0.0                  9.03923107103e-23    0.0                  700578720.0          9.89392284938e-10    1.9e-08              
12                   Hg                   80                   206                  0.0                  1.2237779471e-36     0.0                  499.2                0.0013885159867      1.0                  
13                   Tl                   81                   206                  0.0                  6.18066624151e-37    0.0                  252.12               0.00274927487133     1.0                  
14                   Pb                   82                   206                  0.0                  3.28252865975e-30    0.0                  Stable               0.0                                       

Chain 13
Level                Element              Protons              Nucleons             Half Life            Decay Constant       Nucleons             
0                    U                    92                   238                  1.409993568e+17      0.0                                       0                    
1                    Th                   90                   234                  2082240.0            3.32885345e-07       1.0                  0                    
2                    Pa                   91                   234                  24120.0              2.8737445297e-05     1.0                  0                    
3                    U                    92                   234                  7.7473908e+12        8.9e-14              1.0                  0                    
4                    Th                   90                   230                  2.37944304e+12       2.91e-13             1.0                  0                    
5                    Ra                   88                   226                  50492160000.0        1.3728e-11           1.0                  0                    
6                    Rn                   86                   222                  330350.4             2.098218076e-06      1.0                  0                    
7                    Po                   84                   218                  185.88               0.00372900355369     1.0                  0                    
8                    At                   85                   218                  1.5                  0.462098120373297    0.0002               0                    
9                    Rn                   86                   218                  0.035                19.804205158855577   0.001                1                    
10                   Po                   84                   214                  0.0001643            4218.789899938803    1.0                  1                    
11                   Pb                   82                   210                  700578720.0          9.89392e-10          1.0                  1                    
12                   Bi                   83                   210                  433036.8             1.600665765e-06      1.0                  1                    
13                   Po                   84                   210                  11955686.4           5.797636e-08         1.0                  1                    
14                   Pb                   82                   206                  Stable                                    1.0                  1                    

Calculation 13
Level                Element              Protons              Nucleons             N0                   Nt=10000000000.0     w                    Half Life            Decay Constant       Branching Chance     
0                    U                    92                   238                  10.0                 9.9999995084         0.0                  1.409993568e+17      4.91595987592e-18    1.0                  
1                    Th                   90                   234                  0.0                  1.47677262147e-10    0.0                  2082240.0            3.32885344898e-07    1.0                  
2                    Pa                   91                   234                  0.0                  1.71064601726e-12    0.0                  24120.0              2.87374452968e-05    1.0                  
3                    U                    92                   234                  0.0                  4.91226875031e-07    0.0                  7.7473908e+12        8.94684673142e-14    1.0                  
4                    Th                   90                   230                  0.0                  2.19499428237e-10    0.0                  2.37944304e+12       2.91306481772e-13    1.0                  
5                    Ra                   88                   226                  0.0                  2.06023731471e-13    0.0                  50492160000.0        1.37278179535e-11    1.0                  
6                    Rn                   86                   222                  0.0                  1.34774191944e-18    0.0                  330350.4             2.09821807559e-06    1.0                  
7                    Po                   84                   218                  0.0                  7.58340993343e-22    0.0                  185.88               0.00372900355369     0.0002               
8                    At                   85                   218                  0.0                  1.22392025496e-27    0.0                  1.5                  0.462098120373       0.001                
9                    Rn                   86                   218                  0.0                  2.8558139197e-32     0.0                  0.035                19.8042051589        1.0                  
10                   Po                   84                   214                  0.0                  1.34060065054e-34    0.0                  0.0001643            4218.78989994        1.0                  
11                   Pb                   82                   210                  0.0                  4.30870701423e-22    0.0                  700578720.0          9.89392284938e-10    1.0                  
12                   Bi                   83                   210                  0.0                  2.66273000599e-25    0.0                  433036.8             1.60066576457e-06    1.0                  
13                   Po                   84                   210                  0.0                  7.31067766004e-24    0.0                  11955686.4           5.79763601494e-08    1.0                  
14                   Pb                   82                   206                  0.0                  8.44335006061e-22    0.0                  Stable               0.0                                       

Chain 14
Level                Element              Protons              Nucleons             Half Life            Decay Constant       Nucleons             
0                    U                    92                   238                  1.409993568e+17      0.0                                       0                    
1                    Th                   90                   234                  2082240.0            3.32885345e-07       1.0                  0                    
2                    Pa                   91                   234                  24120.0              2.8737445297e-05     1.0                  0                    
3                    U                    92                   234                  7.7473908e+12        8.9e-14              1.0                  0                    
4                    Th                   90                   230                  2.37944304e+12       2.91e-13             1.0                  0                    
5                    Ra                   88                   226                  50492160000.0        1.3728e-11           1.0                  0                    
6                    Rn                   86                   222                  330350.4             2.098218076e-06      1.0                  0                    
7                    Po                   84                   218                  185.88               0.00372900355369     1.0                  0                    
8                    At                   85                   218                  1.5                  0.462098120373297    0.0002               0                    
9                    Rn                   86                   218                  0.035                19.804205158855577   0.001                0                    
10                   Po                   84                   214                  0.0001643            4218.789899938803    1.0                  0                    
11                   Pb                   82                   210                  700578720.0          9.89392e-10          1.0                  0                    
12                   Bi                   83                   210                  433036.8             1.600665765e-06      1.0                  0                    
13                   Tl                   81                   206                  252.12               0.002749274871331    1.32e-06             1                    
14                   Pb                   82                   206                  Stable                                    1.0                  1                    

Calculation 14
Level                Element              Protons              Nucleons             N0                   Nt=10000000000.0     w                    Half Life            Decay Constant       Branching Chance     
0                    U                    92                   238                  10.0                 9.9999995084         0.0                  1.409993568e+17      4.91595987592e-18    1.0                  
1                    Th                   90                   234                  0.0                  1.47677262147e-10    0.0                  2082240.0            3.32885344898e-07    1.0                  
2                    Pa                   91                   234                  0.0                  1.71064601726e-12    0.0                  24120.0              2.87374452968e-05    1.0                  
3                    U                    92                   234                  0.0                  4.91226875031e-07    0.0                  7.7473908e+12        8.94684673142e-14    1.0                  
4                    Th                   90                   230                  0.0                  2.19499428237e-10    0.0                  2.37944304e+12       2.91306481772e-13    1.0                  
5                    Ra                   88                   226                  0.0                  2.06023731471e-13    0.0                  50492160000.0        1.37278179535e-11    1.0                  
6                    Rn                   86                   222                  0.0                  1.34774191944e-18    0.0                  330350.4             2.09821807559e-06    1.0                  
7                    Po                   84                   218                  0.0                  7.58340993343e-22    0.0                  185.88               0.00372900355369     0.0002               
8                    At                   85                   218                  0.0                  1.22392025496e-27    0.0                  1.5                  0.462098120373       0.001                
9                    Rn                   86                   218                  0.0                  2.8558139197e-32     0.0                  0.035                19.8042051589        1.0                  
10                   Po                   84                   214                  0.0                  1.34060065054e-34    0.0                  0.0001643            4218.78989994        1.0                  
11                   Pb                   82                   210                  0.0                  4.30870701423e-22    0.0                  700578720.0          9.89392284938e-10    1.0                  
12                   Bi                   83                   210                  0.0                  2.66273000599e-25    0.0                  433036.8             1.60066576457e-06    1.32e-06             
13                   Tl                   81                   206                  0.0                  2.04636690189e-34    0.0                  252.12               0.00274927487133     1.0                  
14                   Pb                   82                   206                  0.0                  1.20967100641e-27    0.0                  Stable               0.0                                       

Chain 15
Level                Element              Protons              Nucleons             Half Life            Decay Constant       Nucleons             
0                    U                    92                   238                  1.409993568e+17      0.0                                       0                    
1                    Th                   90                   234                  2082240.0            3.32885345e-07       1.0                  0                    
2                    Pa                   91                   234                  24120.0              2.8737445297e-05     1.0                  0                    
3                    U                    92                   234                  7.7473908e+12        8.9e-14              1.0                  0                    
4                    Th                   90                   230                  2.37944304e+12       2.91e-13             1.0                  0                    
5                    Ra                   88                   226                  50492160000.0        1.3728e-11           1.0                  0                    
6                    Rn                   86                   222                  330350.4             2.098218076e-06      1.0                  0                    
7                    Po                   84                   218                  185.88               0.00372900355369     1.0                  0                    
8                    At                   85                   218                  1.5                  0.462098120373297    0.0002               0                    
9                    Rn                   86                   218                  0.035                19.804205158855577   0.001                0                    
10                   Po                   84                   214                  0.0001643            4218.789899938803    1.0                  0                    
11                   Pb                   82                   210                  700578720.0          9.89392e-10          1.0                  0                    
12                   Hg                   80                   206                  499.2                0.001388515986699    1.9e-08              1                    
13                   Tl                   81                   206                  252.12               0.002749274871331    1.0                  1                    
14                   Pb                   82                   206                  Stable                                    1.0                  1                    

Calculation 15
Level                Element              Protons              Nucleons             N0                   Nt=10000000000.0     w                    Half Life            Decay Constant       Branching Chance     
0                    U                    92                   238                  10.0                 9.9999995084         0.0                  1.409993568e+17      4.91595987592e-18    1.0                  
1                    Th                   90                   234                  0.0                  1.47677262147e-10    0.0                  2082240.0            3.32885344898e-07    1.0                  
2                    Pa                   91                   234                  0.0                  1.71064601726e-12    0.0                  24120.0              2.87374452968e-05    1.0                  
3                    U                    92                   234                  0.0                  4.91226875031e-07    0.0                  7.7473908e+12        8.94684673142e-14    1.0                  
4                    Th                   90                   230                  0.0                  2.19499428237e-10    0.0                  2.37944304e+12       2.91306481772e-13    1.0                  
5                    Ra                   88                   226                  0.0                  2.06023731471e-13    0.0                  50492160000.0        1.37278179535e-11    1.0                  
6                    Rn                   86                   222                  0.0                  1.34774191944e-18    0.0                  330350.4             2.09821807559e-06    1.0                  
7                    Po                   84                   218                  0.0                  7.58340993343e-22    0.0                  185.88               0.00372900355369     0.0002               
8                    At                   85                   218                  0.0                  1.22392025496e-27    0.0                  1.5                  0.462098120373       0.001                
9                    Rn                   86                   218                  0.0                  2.8558139197e-32     0.0                  0.035                19.8042051589        1.0                  
10                   Po                   84                   214                  0.0                  1.34060065054e-34    0.0                  0.0001643            4218.78989994        1.0                  
11                   Pb                   82                   210                  0.0                  4.30870701423e-22    0.0                  700578720.0          9.89392284938e-10    1.9e-08              
12                   Hg                   80                   206                  0.0                  5.83335084074e-36    0.0                  499.2                0.0013885159867      1.0                  
13                   Tl                   81                   206                  0.0                  2.94612227106e-36    0.0                  252.12               0.00274927487133     1.0                  
14                   Pb                   82                   206                  0.0                  2.95003527059e-29    0.0                  Stable               0.0                                       


=================================================================================================================
Tally 
=================================================================================================================

Element              Protons              Nucleons             Nt=10000000000.0     
----------------     ----------------     ----------------     ----------------     
U                    92                   238                  9.9999995084         
U                    92                   234                  4.91226875031e-07    
Th                   90                   234                  1.47677262147e-10    
Th                   90                   230                  2.19499428237e-10    
Pa                   91                   234                  1.71064601726e-12    
Ra                   88                   226                  2.06023731471e-13    
Rn                   86                   222                  1.34774191944e-18    
Rn                   86                   218                  2.8558139197e-32     
Po                   84                   218                  7.58340993343e-22    
Po                   84                   214                  6.70158757498e-28    
Po                   84                   210                  3.65533401907e-17    
Pb                   82                   214                  6.55889602864e-21    
Pb                   82                   210                  2.1543506841e-15     
Pb                   82                   206                  3.87403606738e-15    
Bi                   83                   214                  4.87119579561e-21    
Bi                   83                   210                  1.33136325778e-18    
Tl                   81                   206                  1.03791270444e-27    
Tl                   81                   210                  6.68259501752e-26    
Hg                   80                   206                  2.91667162194e-29    
At                   85                   218                  1.22392025496e-27    

=================================================================================================================

